0
299
599
899
1200
1499
1798
2098
2398
2695
2995
3293
3591
3889
4188
4488
4786
5086
5386
5684
5982
6280
6579
6877
7177
7475
7774
8073
8373
8673
8972
9270
9568
9869
10166
10466
10766
11066
11365
11664
11962
12260
12560
12859
13158
13456
13756
14056
14357
14657
14955
15254
15553
15853
16151
16450
16749
17049
17350
17651
17950
18251
18548
18848
19146
19443
19742
20040
20341
20640
20939
21237
21535
21834
22134
22433
22732
23030
23330
23630
23929
24227
24526
24824
25123
25421
25720
26020
26318
26616
26914
27214
27515
27814
28113
28410
28711
29009
29308
29605
