0
299
596
895
1193
1494
1791
2090
2389
2687
2985
3286
3586
3884
4184
4483
4781
5079
5378
5677
5975
6274
6574
6874
7172
7471
7770
8070
8369
8667
8965
9264
9563
9861
10162
10461
10758
11056
11357
11654
11953
12253
12554
12855
13155
13454
13753
14051
14350
14650
14948
15247
15547
15848
16148
16446
16746
17045
17344
17644
17942
18240
18539
18838
19138
19438
19738
20035
20336
20634
20933
21231
21531
21830
22130
22429
22727
23027
23325
23624
23922
24220
24518
24818
25118
25416
25715
26015
26313
26611
26909
27209
27508
27805
28105
28405
28705
29004
29305
29605
