88.5
87.9
91.6
93.3
96.9
93.4
87.1
84.7
93.5
93.5
97.6
92.3
95.7
94.2
93.3
92.8
89.9
85.8
81.5
89.1
88.8
89.4
88.1
89.7
86.6
92.5
90.4
95.6
85.5
90.1
91.2
86.1
90
88.3
86.7
90.6
86.9
86.8
91.5
90.6
85
81.5
95.9
89
94.7
90.7
86.9
85.9
90.8
85.7
92.7
94
86.7
93.4
88.8
85.8
87.4
88.8
85.7
88.2
89
91.1
81.6
89.2
87.1
90
91.3
90
83.5
86.4
89.1
86.2
992.53
991.4
999.55
995.27
999.8
981.81
985.14
985.73
1008.23
992.74
981.1
988.41
986.41
972.19
993.14
988.22
998.61
998.77
995.17
1014.77
981.91
988.18
992.03
986.61
1001.45
999.12
987.82
995.13
986.97
989.35
991.25
974.98
997.34
992.62
979.1
994.56
1012.48
984.92
994.09
997.08
1008.22
998.41
995.16
1007.31
999.6
1011.43
989.91
993.79
1001.76
1001.32
984.3
1001.28
995.86
993.28
1007.86
987.89
966.14
980.41
975.34
984.71
987.26
1000.84
